297	320	
1000000	22585.544	14021.858
1000001	21401.454	13643.234
1000002	21940.64	13437.152
1000003	22543.236	14121.796
1000004	21671.341	14066.048
1000005	22290.123	14678.144
1000006	22715.18	14046.943
1000007	22593.996	14369.785
1000008	22635.912	14135.573
1000009	23177.275	14443.357
1000010	23197.906	14559.342
1000011	29169.362	20921.907
1000012	27576.477	20682.892
1000013	29631	21113.399
1000014	27609.763	20441.73
1000015	29321.99	21710.737
1000016	27460.955	21341.597
1000017	27096.861	20321.219
1000018	26915.536	21372.495
1000019	27076.938	22744.348
1000020	27372.036	21617.872
1000021	28463.789	22768.303
1000022	29025.83	22378.513
1000023	28998.468	23239.542
1000024	21018.148	15528.246
1000025	21040.737	16270.721
1000026	38837.317	785.567
1000027	38305.924	2074.504
1000028	21531.329	18384.856
1000029	21391.216	17063.478
1000030	20957.299	15926.864
1000031	19011.743	17669.536
1000032	20461.727	17440.666
1000033	20139.264	19349.307
1000034	19782.205	19309.301
1000035	21265.28	18410.817
1000036	21774.864	16957.003
1000037	19095.845	17628.973
1000038	29518.734	8273.314
1000039	30632.796	7482.309
1000040	28442.098	7794.372
1000041	29596.373	7589.167
1000042	30057.164	7405.172
1000043	29397.832	8551.515
1000044	29557.555	8227.772
1000045	30613.619	8805.737
1000046	21217.648	16781.373
1000047	21798.872	18229.395
1000048	24777.907	19815.767
1000049	24286.13	18298.304
1000050	25350.128	21112.227
1000051	24891.827	18354.707
1000052	20499.436	20702.837
1000053	19928.502	18690.529
1000054	22256.396	18506.941
1000055	21314.081	20685.133
1000056	21427.845	19323.508
1000057	24837.694	16365.697
1000058	22478.975	15478.117
1000059	35620.85	3236.055
1000060	36231.137	2852.457
1000061	20820.093	21445.211
1000062	21633.204	20771.109
1000063	21845.661	21916.409
1000064	21694.247	21844.993
1000065	20895.956	20664.701
1000066	21423.687	22107.88
1000067	21359.364	21489.319
1000068	21583.714	20571.535
1000069	35974.698	2270.968
1000070	35645.22	2113.328
1000071	35577.947	2132.14
1000072	22489.773	24405.865
1000073	22951.583	21609.785
1000074	25095.481	22119.012
1000075	23315.38	23998.64
1000076	23192.033	23860.369
1000077	25063.271	22547.98
1000078	23226.958	21741.511
1000079	24143.887	21566.479
1000080	23206.297	21809.07
1000081	24933.373	22581.08
1000082	25300.332	22563.015
1000083	22881.718	22121.898
1000084	37629.729	21873.503
1000085	25265.414	15274.534
1000086	25080.727	15399.821
1000087	25971.262	15500.301
1000088	22840.004	25794.621
1000089	24106.699	24818.374
1000090	24380.293	24749.731
1000091	26185.55	14977.742
1000092	37050.548	-1170.081
1000093	22035.596	26653.511
1000094	26055.841	12986.195
1000095	31109.881	8383.63
1000096	30767.475	8417.223
1000097	31217.657	8383.588
1000098	23915.438	26320.876
1000099	23963.124	26045.934
1000100	24095.651	24838.748
1000101	30761.903	9079.007
1000102	35138.779	2136.569
1000103	34808.555	1978.744
1000104	35218.747	2005.899
1000105	35141.485	1859.605
1000106	34861.781	2202.087
1000107	29536.297	27133.808
1000108	28391.917	27048.822
1000109	28849.657	5611.126
1000110	28911.124	6288.194
1000111	28900.919	5867.174
1000112	28468.414	6847.653
1000113	29567.324	6289.637
1000114	30867.091	6194.835
1000115	30873.489	6768.227
1000116	31016.283	6935.365
1000117	30964.081	7060.457
1000118	31567.62	6046.247
1000119	34408.122	5910.436
1000120	26348.598	12046.342
1000121	26619.241	11668.866
1000122	26383.932	11670.666
1000123	34134.356	1990.96
1000124	34453.333	1157.365
1000125	42129.322	35288.502
1000126	41952.669	30200.277
1000127	44149.138	32381.37
1000128	30887.965	1152.805
1000129	32249.15	2201.191
1000130	33615.003	2599.39
1000131	32739.003	1505.107
1000132	33705.377	6690.49
1000133	34226.247	2485.529
1000134	32813.732	3133.537
1000135	34066.327	2428.553
1000136	34358.965	6000.682
1000137	40213.406	7183.811
1000138	41129.782	8408.296
1000139	41980.759	7158.153
1000140	39795.721	6734.244
1000141	38197.521	10414.978
1000142	39067.923	9352.499
1000143	38116.911	8547.876
1000144	32984.217	27259.927
1000145	42016.782	8831.407
1000146	41979.575	9488.48
1000147	43078.209	11421.64
1000148	46995.468	9916.302
1000149	42122.355	7444.497
1000150	25296.364	10213.897
1000151	36710.541	22830.397
1000152	25149.922	9772.225
1000153	24975.527	9607.732
1000154	38016.899	20066.489
1000155	15120.344	22371.068
1000156	12013.589	24694.545
1000157	12420.191	24549.28
1000158	15251.509	22564.724
1000159	13778.314	24371.167
1000160	14197.256	23978.286
1000161	14369.634	21428.492
1000162	13790.718	22204.524
1000163	15397.034	24290.255
1000164	14838.751	24071.368
1000165	12191.256	21605.918
1000166	14537.93	21120.55
1000167	12548.543	22374.187
1000168	34123.228	21159.055
1000169	35864.854	16964.837
1000170	24611.529	11596.075
1000171	24599.421	11568.668
1000172	24220.745	11778.956
1000173	24408.467	11680.198
1000174	24007.377	10981.446
1000175	23703.799	11525.636
1000176	23905.309	10963.428
1000177	24292.886	11446.25
1000178	11763.525	20343.067
1000179	13686.593	21422.319
1000180	14181.355	22721.985
1000181	14006.423	22229.873
1000182	13359.721	22429.317
1000183	11423.536	20763.9
1000184	13417.733	21905.22
1000185	13542.842	21743.141
1000186	11490.562	22348.274
1000187	30529.65	19873.444
1000188	44666.936	5516.874
1000189	45341.137	8302.62
1000190	17356.054	20178.873
1000191	15908.77	22382.724
1000192	18564.501	21870.319
1000193	18145.118	22093.058
1000194	16835.44	20250.489
1000195	16222.394	20752.122
1000196	18314.459	20765.882
1000197	16849.111	21899.627
1000198	17447.332	21227.878
1000199	29638.314	21431.328
1000200	29545.342	21101.498
1000201	17206.9	22093.519
1000202	19076.679	21072.604
1000203	18702.67	20877.803
1000204	19685.783	20904.61
1000205	36993.337	2824.018
1000206	36165.625	3641.888
1000207	35938.7	2861.92
1000208	35726.577	3769.617
1000209	36212.035	3851.007
1000210	16530.322	21785.242
1000211	18370.637	17746.457
1000212	17089.455	19025.775
1000213	16049.914	16492.714
1000214	18157.119	17963.406
1000215	17524.432	20097.022
1000216	17417.421	21711.489
1000217	19355.231	18999.683
1000218	18138.535	21794.611
1000219	19278.836	18502.157
1000220	15610.989	16399.365
1000221	15387.741	21489.556
1000222	15234.041	19567.526
1000223	17577.615	21393.573
1000224	15537.386	19039.776
1000225	16574.904	17102.764
1010015	38680	23760
1010050	33010	3010
1010060	24650	31160
1010061	24940	28680
1010107	18450	20460
1010109	17640	18920
1010115	20980	19180
1010119	23700	22760
1010120	22080	23100
1010129	30320	26390
1010131	37890	29550
1010139	33280	24540
1010143	37470	21970
1010147	30240	20380
1010157	24850	20160
1010161	25100	15280
1010163	25390	14980
1010166	26480	15130
1010167	25880	12980
1010169	25680	12740
1010171	26650	11800
1010173	26870	11590
1010179	25710	10400
1010181	25720	10740
1010183	25450	10180
1010185	25010	9670
1010189	24150	11370
1010193	22880	14350
1010195	23180	14720
1010199	29420	8440
1010207	31000	6610
1010211	34200	5540
1010213	35260	6160
1010217	42110	8670
1010229	36160	3490
1010237	35370	3080
1010251	34150	1100
1010253	32170	1880
1010255	33510	2450
1010259	20800	23400
1010261	20790	21450
1010263	20320	21570
1010267	23380	12950
1010269	25030	12140
1030000	20683.333	26224.167
1030001	36694	4199
1030002	34646.667	24431.667
1030003	25410.588	12321.176
1100000	25216.943	16310.158
1100001	38064.596	563.33
1100002	12838.314	21760.885
1100003	30233.238	7347.487
1100004	42743.71	32623.383
1100005	17999.496	21166.552
1100006	23433.399	25148.667
1100007	45020.437	8789.359
1100010	16770.058	17681.465
1100011	36469.05	20578.856
1100012	24971.93	11300.439
1100013	21809.714	21391.528
1100014	33882.462	2059.81
1100015	13832.356	24096.698
1100016	20650.824	17969.173
1100017	30304.144	27147.519
1100019	40462.074	8356.424
1100020	25406.317	21824.712
1110008	28674.274	21353.142
1110009	22229.074	14461.176
1110018	35737.768	3455.376
1110021	15541.18	21536.163
2000000	0	0
1000049	1100000	10
1000051	1100000	10
1000057	1100000	10
1000085	1100000	10
1000086	1100000	10
1000087	1100000	10
1000091	1100000	10
1000026	1100001	10
1000027	1100001	10
1000059	1100001	10
1000060	1100001	10
1000069	1100001	10
1000070	1100001	10
1000071	1100001	10
1000092	1100001	10
1000102	1100001	10
1000103	1100001	10
1000104	1100001	10
1000105	1100001	10
1000106	1100001	10
1000205	1100001	10
1000206	1100001	10
1000207	1100001	10
1000208	1100001	10
1000209	1100001	10
1000165	1100002	10
1000167	1100002	10
1000178	1100002	10
1000183	1100002	10
1000186	1100002	10
1000038	1100003	10
1000039	1100003	10
1000040	1100003	10
1000041	1100003	10
1000042	1100003	10
1000043	1100003	10
1000044	1100003	10
1000045	1100003	10
1000095	1100003	10
1000096	1100003	10
1000097	1100003	10
1000101	1100003	10
1000109	1100003	10
1000110	1100003	10
1000111	1100003	10
1000112	1100003	10
1000113	1100003	10
1000114	1100003	10
1000115	1100003	10
1000116	1100003	10
1000117	1100003	10
1000125	1100004	10
1000126	1100004	10
1000127	1100004	10
1000190	1100005	10
1000192	1100005	10
1000193	1100005	10
1000194	1100005	10
1000195	1100005	10
1000196	1100005	10
1000197	1100005	10
1000198	1100005	10
1000201	1100005	10
1000202	1100005	10
1000203	1100005	10
1000204	1100005	10
1000210	1100005	10
1000215	1100005	10
1000216	1100005	10
1000218	1100005	10
1000223	1100005	10
1000072	1100006	10
1000075	1100006	10
1000076	1100006	10
1000088	1100006	10
1000089	1100006	10
1000090	1100006	10
1000093	1100006	10
1000098	1100006	10
1000099	1100006	10
1000100	1100006	10
1000139	1100007	10
1000145	1100007	10
1000146	1100007	10
1000147	1100007	10
1000148	1100007	10
1000149	1100007	10
1000188	1100007	10
1000189	1100007	10
1000011	1110008	10
1000013	1110008	10
1000015	1110008	10
1000021	1110008	10
1000022	1110008	10
1000023	1110008	10
1000187	1110008	10
1000199	1110008	10
1000200	1110008	10
1000000	1110009	10
1000001	1110009	10
1000002	1110009	10
1000003	1110009	10
1000004	1110009	10
1000005	1110009	10
1000006	1110009	10
1000007	1110009	10
1000008	1110009	10
1000009	1110009	10
1000010	1110009	10
1000024	1110009	10
1000030	1110009	10
1000058	1110009	10
1000211	1100010	10
1000212	1100010	10
1000213	1100010	10
1000214	1100010	10
1000220	1100010	10
1000224	1100010	10
1000225	1100010	10
1000084	1100011	10
1000151	1100011	10
1000154	1100011	10
1000168	1100011	10
1000169	1100011	10
1000094	1100012	10
1000120	1100012	10
1000121	1100012	10
1000122	1100012	10
1000150	1100012	10
1000152	1100012	10
1000153	1100012	10
1000170	1100012	10
1000171	1100012	10
1000172	1100012	10
1000173	1100012	10
1000174	1100012	10
1000175	1100012	10
1000176	1100012	10
1000177	1100012	10
1000052	1100013	10
1000055	1100013	10
1000061	1100013	10
1000062	1100013	10
1000063	1100013	10
1000064	1100013	10
1000065	1100013	10
1000066	1100013	10
1000067	1100013	10
1000068	1100013	10
1000073	1100013	10
1000078	1100013	10
1000080	1100013	10
1000083	1100013	10
1000123	1100014	10
1000124	1100014	10
1000128	1100014	10
1000129	1100014	10
1000130	1100014	10
1000131	1100014	10
1000133	1100014	10
1000134	1100014	10
1000135	1100014	10
1000156	1100015	10
1000157	1100015	10
1000159	1100015	10
1000160	1100015	10
1000163	1100015	10
1000164	1100015	10
1000025	1100016	10
1000028	1100016	10
1000029	1100016	10
1000031	1100016	10
1000032	1100016	10
1000033	1100016	10
1000034	1100016	10
1000035	1100016	10
1000036	1100016	10
1000037	1100016	10
1000046	1100016	10
1000047	1100016	10
1000053	1100016	10
1000054	1100016	10
1000056	1100016	10
1000217	1100016	10
1000219	1100016	10
1000107	1100017	10
1000108	1100017	10
1000144	1100017	10
1000118	1110018	10
1000119	1110018	10
1000132	1110018	10
1000136	1110018	10
1000137	1100019	10
1000138	1100019	10
1000140	1100019	10
1000141	1100019	10
1000142	1100019	10
1000143	1100019	10
1000012	1100020	10
1000014	1100020	10
1000016	1100020	10
1000017	1100020	10
1000018	1100020	10
1000019	1100020	10
1000020	1100020	10
1000048	1100020	10
1000050	1100020	10
1000074	1100020	10
1000077	1100020	10
1000079	1100020	10
1000081	1100020	10
1000082	1100020	10
1000155	1110021	10
1000158	1110021	10
1000161	1110021	10
1000162	1110021	10
1000166	1110021	10
1000179	1110021	10
1000180	1110021	10
1000181	1110021	10
1000182	1110021	10
1000184	1110021	10
1000185	1110021	10
1000191	1110021	10
1000221	1110021	10
1000222	1110021	10
1100012	1100000	100
1100000	1100016	100
1100012	1110009	100
1100016	1110009	100
1100000	1110009	100
1110018	1100001	100
1100014	1110018	100
1100001	1100007	100
1100001	1100014	100
1100001	1100019	100
1110018	1100019	100
1110018	1100003	100
1100014	1100003	100
1100007	1100019	100
1100019	1100003	100
1100010	1100013	100
1100005	1100015	100
1110021	1100010	100
1100005	1100010	100
1100005	1100013	100
1110021	1100002	100
1100002	1100010	100
1110021	1100015	100
1110021	1100005	100
1100002	1100015	100
1100011	1100017	100
1100020	1100017	100
1100011	1100004	100
1100017	1110008	100
1100011	1110008	100
1100020	1110008	100
1100006	1100017	100
1100006	1100020	100
1100004	1100017	100
1110021	1110009	500
1110009	1110018	500
1110018	1110008	500
1110008	1110021	500
1110009	1110008	500
1010107	1030000	10
1010109	1030000	10
1010115	1030000	10
1010157	1030000	10
1010060	1030000	10
1010061	1030000	10
1010119	1030000	10
1010120	1030000	10
1010259	1030000	10
1010261	1030000	10
1010263	1030000	10
1010207	1030001	10
1010253	1030001	10
1010050	1030001	10
1010211	1030001	10
1010213	1030001	10
1010217	1030001	10
1010229	1030001	10
1010237	1030001	10
1010251	1030001	10
1010255	1030001	10
1010147	1030002	10
1010129	1030002	10
1010015	1030002	10
1010131	1030002	10
1010139	1030002	10
1010143	1030002	10
1010179	1030003	10
1010183	1030003	10
1010185	1030003	10
1010199	1030003	10
1010161	1030003	10
1010163	1030003	10
1010166	1030003	10
1010167	1030003	10
1010169	1030003	10
1010171	1030003	10
1010173	1030003	10
1010181	1030003	10
1010189	1030003	10
1010193	1030003	10
1010195	1030003	10
1010267	1030003	10
1010269	1030003	10
1030002	1110008	500
1030003	1110009	500
1030000	1110021	500
1030001	1110018	500
1030000	1030002	999
1030000	1030003	999
1030003	1030001	999
1110008	2000000	1000
1110009	2000000	1000
1110018	2000000	1000
1110021	2000000	1000
