96 33
54 92
39 96
2 74
20 78
94 76
80 44
96 24
92 93
96 13
7 82
58 90
84 93
62 82
4 86
45 74
22 87
93 89
48 89
71 96
82 66
96 10
74 95
79 93
79 6
40 76
88 83
83 90
37 84
70 77
78 94
80 17
90 76
87 92
73 35
75 94
18 82
73 8
26 72
77 5
91 31
1 86
65 77
91 90
14 84
64 78
84 52
79 78
83 95
81 92
96 41
87 83
92 80
28 73
86 95
79 61
91 85
80 43
75 0
63 91
72 85
92 42
82 81
96 32
84 36
38 79
96 95
86 21
12 75
30 96
88 85
96 69
96 15
91 81
55 96
49 96
50 75
89 88
95 89
16 96
96 19
93 94
85 95
29 96
81 25
74 94
90 46
23 96
80 88
94 95
67 96
81 3
51 72
73 95
88 91
90 89
9 87
85 56
77 94
96 59
47 96
92 34
96 60
72 57
27 96
83 89
11 93
68 86
53 96
88 94
