363 362
0 304
102 379
219 379
333 170
306 75
251 362
344 145
201 379
266 361
339 370
367 368
84 379
183 373
367 323
376 296
27 337
37 346
370 366
364 329
369 307
348 366
374 81
306 283
363 327
327 350
265 379
281 379
374 96
338 70
223 376
375 372
324 365
76 326
235 306
301 363
325 356
312 368
326 315
348 125
370 368
377 267
50 374
329 19
13 377
54 379
275 331
325 85
341 309
374 39
342 370
316 303
334 71
348 243
15 378
363 353
106 378
377 66
207 374
233 379
92 376
364 347
335 153
343 30
150 312
376 202
113 377
357 333
354 336
117 375
205 329
368 305
378 193
352 198
377 258
8 374
375 114
279 379
369 330
312 367
371 325
332 357
329 194
157 379
369 308
377 291
321 371
374 45
331 349
358 371
356 362
359 339
218 377
121 376
339 28
376 285
100 305
93 375
321 115
24 377
318 264
141 377
375 272
82 378
206 361
342 351
377 195
364 336
304 299
377 78
159 375
316 155
310 38
376 26
49 324
166 313
131 379
337 355
364 46
333 52
152 314
323 79
353 331
21 379
315 370
379 10
260 358
32 350
87 375
323 289
366 330
318 367
313 368
325 352
324 127
364 77
354 326
178 376
350 35
363 336
375 80
274 379
374 208
228 379
309 244
356 363
339 53
171 338
7 378
257 307
331 372
305 369
162 376
328 154
371 360
334 370
376 366
310 135
349 353
143 327
322 108
378 182
147 317
99 345
327 105
332 234
311 248
59 378
374 196
241 318
230 373
362 134
314 144
346 366
322 369
210 373
340 138
311 277
262 378
278 309
174 378
309 367
379 372
378 255
362 343
259 378
367 311
72 373
377 64
175 379
215 347
25 375
62 343
313 185
307 48
376 252
361 366
373 130
149 379
379 158
375 293
355 369
379 165
318 368
379 86
344 359
364 335
327 354
352 359
300 377
376 83
253 379
332 129
361 362
360 365
365 354
374 169
29 376
331 203
126 378
40 378
89 377
377 367
366 353
18 322
320 14
65 379
317 371
290 334
304 119
376 17
214 377
339 232
354 360
356 333
341 326
211 317
377 189
305 361
376 42
288 328
371 367
379 97
369 368
372 360
31 328
358 378
379 209
374 148
350 33
74 375
61 349
128 340
249 335
16 379
330 302
22 312
239 315
111 308
351 358
333 160
179 376
320 227
379 197
60 336
332 200
332 246
372 374
313 334
161 379
362 364
307 98
103 363
359 350
122 377
271 376
88 324
341 263
212 357
319 355
375 192
342 365
351 352
378 254
373 163
5 323
351 222
355 358
347 36
378 191
355 328
371 306
335 373
23 310
44 375
377 164
365 361
377 57
319 20
314 269
104 378
284 311
341 371
109 378
282 379
353 351
229 321
375 101
12 373
344 342
112 379
325 357
41 340
132 379
370 308
374 123
297 345
3 376
340 352
6 330
343 118
95 377
67 379
173 326
298 379
345 350
314 360
330 304
355 280
177 357
378 151
370 359
140 378
287 354
348 187
73 345
220 324
172 377
58 379
373 204
137 379
133 346
347 136
347 199
379 167
377 156
268 337
11 373
124 379
366 315
338 365
328 343
353 338
368 320
221 374
379 142
375 2
247 376
322 276
116 317
110 346
294 337
308 236
352 1
319 358
94 376
63 335
224 379
356 357
184 375
345 369
91 351
168 321
344 181
226 375
372 342
338 180
216 340
359 47
238 379
346 139
90 379
242 376
146 375
9 376
378 55
310 337
372 316
372 349
120 374
365 356
43 336
4 344
329 361
378 240
261 375
295 379
319 237
378 107
190 379
379 69
379 188
378 286
348 273
375 176
270 377
373 51
379 225
316 292
34 379
320 256
217 379
68 334
186 378
378 245
56 374
341 231
349 250
213 379
